designation g-r r-i $logD$ $\sigma_{logD}$ $logT_1$ $\sigma_{logT_1}$ $p_{W1W2}$ $\sigma_{p_{W1W2}}$ spec_T spec_B
(497) 0.48 0.15 4.717 0.024 2.542 0.009 0.141 0.015 M 
(844) 0.5 0.19 4.715 0.029 2.541 0.011 0.146 0.019  X
(1349) 0.51 0.16 4.466 0.04 2.539 0.015 0.175 0.033  
(1546) 0.52 0.19 4.468 0.029 2.546 0.011 0.18 0.022  
(1670) 0.62 0.14 4.365 0.016 2.549 0.006 0.17 0.012  
(1730) 0.58 0.13 4.213 0.025 2.538 0.01 0.166 0.018  Xe
(1732) 0.63 0.21 4.397 0.028 2.56 0.011 0.155 0.019  
(1860) 0.52 0.2 4.27 0.012 2.554 0.004 0.13 0.009  X
(1977) 0.56 0.15 4.284 0.021 2.552 0.008 0.164 0.016  Sq
(2294) 0.61 0.15 4.206 0.017 2.557 0.006 0.158 0.014  
(2573) 0.61 0.17 4.325 0.02 2.564 0.007 0.11 0.011  
(2904) 0.49 0.19 4.209 0.017 2.557 0.006 0.188 0.015  
(4813) 0.56 0.24 4.256 0.027 2.56 0.011 0.147 0.018  
